
dsc0,1,2,3	10,30,50,70
dsc6,7,8,9	110,130,150,170

a2=x<<5 --> 0,1,2,3   = 0,32,64,96 (0x0,0x20,0x40,0x60)
            8,9,10,11 = 256,288,320,352 (0x100,0x120,0x140,0x160)


              irq      s1    v0  v0
IRQ_DMA0_0    32	0    0    0
IRQ_DMA0_1    33	1    0    1
IRQ_DMA0_2    34	2    0    2
IRQ_DMA0_3    35	3    0    3
IRQ_DMA0_4    36	4    4    8
IRQ_DMA0_5    37	5    4    9

IRQ_DMA1_0    38	6    4    10
IRQ_DMA1_1    39	7    4    11
IRQ_DMA1_2    40	8    8    16
IRQ_DMA1_3    41	9    8    17
IRQ_DMA1_4    42	10   8    18
IRQ_DMA1_5    43	11   8    19
